Fig. 4a_Mean annual cycle of ensemble mean MHT (PW) for the global ocean (latitude 89.5S - 89.5N, January - December and annual mean, missing is MMM) every 1 degree

-76.5  0.00  0.00  0.00  0.00 -0.00 -0.00 -0.00 -0.00  0.00  0.00  0.00  0.00  0.00
-75.5  0.00 -0.01 -0.01 -0.01 -0.02 -0.01 -0.02 -0.01 -0.01 -0.01 -0.00  0.00 -0.01
-74.5  0.00 -0.01 -0.03 -0.03 -0.03 -0.03 -0.03 -0.03 -0.02 -0.01 -0.00  0.00 -0.02
-73.5  0.01 -0.02 -0.05 -0.05 -0.05 -0.05 -0.05 -0.05 -0.03 -0.02 -0.01  0.00 -0.03
-72.5  0.02 -0.02 -0.07 -0.07 -0.08 -0.07 -0.07 -0.07 -0.05 -0.03 -0.01  0.01 -0.04
-71.5  0.03 -0.03 -0.10 -0.10 -0.10 -0.09 -0.10 -0.09 -0.07 -0.05 -0.02  0.01 -0.06
-70.5  0.04 -0.03 -0.13 -0.14 -0.14 -0.12 -0.12 -0.12 -0.09 -0.06 -0.03  0.02 -0.08
-69.5  0.06 -0.02 -0.15 -0.18 -0.17 -0.15 -0.15 -0.14 -0.11 -0.08 -0.03  0.03 -0.09
-68.5  0.08 -0.02 -0.18 -0.24 -0.23 -0.19 -0.19 -0.18 -0.14 -0.10 -0.04  0.04 -0.12
-67.5  0.11 -0.01 -0.20 -0.30 -0.29 -0.24 -0.23 -0.22 -0.17 -0.12 -0.05  0.05 -0.14
-66.5  0.13 -0.00 -0.22 -0.37 -0.37 -0.30 -0.29 -0.27 -0.21 -0.15 -0.06  0.06 -0.17
-65.5  0.15  0.01 -0.25 -0.45 -0.46 -0.38 -0.35 -0.33 -0.25 -0.18 -0.08  0.06 -0.21
-64.5  0.16  0.02 -0.27 -0.53 -0.57 -0.46 -0.43 -0.39 -0.30 -0.22 -0.11  0.06 -0.25
-63.5  0.18  0.04 -0.27 -0.59 -0.69 -0.56 -0.50 -0.45 -0.35 -0.27 -0.13  0.06 -0.29
-62.5  0.20  0.06 -0.25 -0.63 -0.78 -0.66 -0.58 -0.52 -0.40 -0.32 -0.16  0.06 -0.33
-61.5  0.21  0.09 -0.22 -0.64 -0.86 -0.74 -0.65 -0.58 -0.46 -0.38 -0.20  0.05 -0.37
-60.5  0.21  0.12 -0.20 -0.65 -0.93 -0.83 -0.73 -0.64 -0.51 -0.44 -0.24  0.03 -0.40
-59.5  0.21  0.14 -0.19 -0.65 -0.97 -0.89 -0.80 -0.69 -0.55 -0.49 -0.28  0.01 -0.43
-58.5  0.21  0.15 -0.17 -0.65 -1.00 -0.94 -0.86 -0.75 -0.59 -0.54 -0.31 -0.02 -0.46
-57.5  0.20  0.16 -0.15 -0.65 -1.03 -0.98 -0.91 -0.80 -0.64 -0.59 -0.35 -0.06 -0.48
-56.5  0.22  0.19 -0.12 -0.65 -1.07 -1.02 -0.96 -0.85 -0.68 -0.64 -0.39 -0.08 -0.50
-55.5  0.24  0.21 -0.09 -0.63 -1.10 -1.07 -1.02 -0.90 -0.72 -0.69 -0.42 -0.09 -0.52
-54.5  0.26  0.23 -0.08 -0.63 -1.11 -1.09 -1.06 -0.94 -0.76 -0.73 -0.45 -0.09 -0.54
-53.5  0.28  0.26 -0.04 -0.61 -1.14 -1.12 -1.08 -0.98 -0.79 -0.76 -0.46 -0.10 -0.54
-52.5  0.30  0.29  0.01 -0.58 -1.14 -1.13 -1.11 -1.00 -0.79 -0.77 -0.48 -0.10 -0.54
-51.5  0.34  0.33  0.06 -0.55 -1.14 -1.13 -1.13 -1.03 -0.80 -0.79 -0.49 -0.08 -0.53
-50.5  0.38  0.36  0.10 -0.52 -1.14 -1.14 -1.13 -1.03 -0.80 -0.79 -0.48 -0.04 -0.52
-49.5  0.43  0.40  0.14 -0.49 -1.12 -1.11 -1.12 -1.03 -0.79 -0.80 -0.49 -0.01 -0.50
-48.5  0.47  0.43  0.17 -0.46 -1.11 -1.09 -1.09 -1.02 -0.78 -0.80 -0.50  0.01 -0.48
-47.5  0.51  0.44  0.20 -0.43 -1.09 -1.07 -1.08 -1.02 -0.78 -0.79 -0.49  0.05 -0.46
-46.5  0.53  0.44  0.24 -0.39 -1.07 -1.06 -1.07 -1.02 -0.77 -0.79 -0.50  0.09 -0.45
-45.5  0.54  0.39  0.23 -0.37 -1.05 -1.01 -1.02 -0.99 -0.75 -0.78 -0.52  0.10 -0.44
-44.5  0.51  0.32  0.20 -0.38 -1.02 -0.94 -0.96 -0.95 -0.72 -0.77 -0.53  0.10 -0.43
-43.5  0.47  0.23  0.14 -0.39 -1.00 -0.87 -0.88 -0.91 -0.70 -0.77 -0.57  0.08 -0.43
-42.5  0.41  0.09  0.05 -0.43 -0.98 -0.80 -0.81 -0.87 -0.70 -0.77 -0.61  0.06 -0.45
-41.5  0.31 -0.07 -0.07 -0.49 -0.96 -0.72 -0.73 -0.83 -0.67 -0.79 -0.71 -0.02 -0.48
-40.5  0.18 -0.27 -0.22 -0.56 -0.94 -0.64 -0.66 -0.78 -0.66 -0.81 -0.81 -0.12 -0.52
-39.5  0.04 -0.48 -0.38 -0.63 -0.92 -0.58 -0.60 -0.72 -0.67 -0.88 -0.91 -0.21 -0.58
-38.5 -0.10 -0.66 -0.48 -0.68 -0.90 -0.50 -0.54 -0.69 -0.68 -0.96 -1.05 -0.34 -0.63
-37.5 -0.23 -0.82 -0.58 -0.73 -0.86 -0.39 -0.48 -0.68 -0.74 -1.05 -1.19 -0.47 -0.69
-36.5 -0.36 -0.95 -0.64 -0.74 -0.82 -0.31 -0.43 -0.69 -0.79 -1.12 -1.32 -0.61 -0.73
-35.5 -0.49 -1.10 -0.70 -0.75 -0.79 -0.25 -0.39 -0.67 -0.81 -1.17 -1.40 -0.73 -0.77
-34.5 -0.59 -1.23 -0.79 -0.79 -0.75 -0.17 -0.34 -0.63 -0.81 -1.22 -1.48 -0.81 -0.80
-33.5 -0.69 -1.33 -0.85 -0.81 -0.72 -0.10 -0.28 -0.58 -0.81 -1.25 -1.55 -0.91 -0.82
-32.5 -0.75 -1.42 -0.90 -0.84 -0.71 -0.05 -0.24 -0.54 -0.81 -1.28 -1.59 -0.96 -0.84
-31.5 -0.80 -1.47 -0.92 -0.86 -0.70 -0.02 -0.22 -0.52 -0.83 -1.31 -1.61 -1.00 -0.86
-30.5 -0.83 -1.50 -0.94 -0.87 -0.70 -0.01 -0.22 -0.52 -0.85 -1.33 -1.63 -1.02 -0.87
-29.5 -0.85 -1.51 -0.94 -0.87 -0.72 -0.02 -0.24 -0.53 -0.88 -1.37 -1.64 -1.03 -0.88
-28.5 -0.85 -1.52 -0.95 -0.90 -0.75 -0.04 -0.27 -0.55 -0.91 -1.39 -1.64 -1.03 -0.90
-27.5 -0.83 -1.50 -0.94 -0.91 -0.78 -0.09 -0.33 -0.59 -0.95 -1.42 -1.64 -1.01 -0.92
-26.5 -0.80 -1.45 -0.90 -0.91 -0.82 -0.15 -0.42 -0.65 -1.02 -1.46 -1.63 -0.98 -0.93
-25.5 -0.73 -1.37 -0.84 -0.90 -0.85 -0.22 -0.52 -0.74 -1.10 -1.50 -1.62 -0.94 -0.94
-24.5 -0.66 -1.28 -0.77 -0.89 -0.89 -0.30 -0.62 -0.83 -1.19 -1.53 -1.60 -0.89 -0.95
-23.5 -0.55 -1.15 -0.68 -0.87 -0.95 -0.40 -0.75 -0.93 -1.28 -1.57 -1.60 -0.83 -0.96
-22.5 -0.44 -1.00 -0.56 -0.83 -1.01 -0.52 -0.90 -1.05 -1.38 -1.61 -1.59 -0.77 -0.97
-21.5 -0.31 -0.82 -0.42 -0.78 -1.07 -0.65 -1.06 -1.20 -1.51 -1.68 -1.59 -0.70 -0.98
-20.5 -0.15 -0.62 -0.26 -0.72 -1.13 -0.80 -1.25 -1.37 -1.65 -1.75 -1.59 -0.63 -0.99
-19.5  0.02 -0.39 -0.09 -0.64 -1.20 -0.95 -1.46 -1.55 -1.81 -1.83 -1.60 -0.54 -1.00
-18.5  0.22 -0.14  0.09 -0.56 -1.26 -1.12 -1.67 -1.77 -1.99 -1.94 -1.61 -0.44 -1.02
-17.5  0.48  0.17  0.31 -0.47 -1.34 -1.31 -1.93 -2.02 -2.22 -2.06 -1.61 -0.31 -1.03
-16.5  0.78  0.54  0.56 -0.36 -1.43 -1.53 -2.21 -2.31 -2.47 -2.19 -1.62 -0.15 -1.03
-15.5  1.12  0.93  0.81 -0.27 -1.54 -1.79 -2.53 -2.61 -2.72 -2.32 -1.59  0.05 -1.04
-14.5  1.50  1.34  1.06 -0.20 -1.69 -2.09 -2.86 -2.92 -2.97 -2.43 -1.53  0.29 -1.04
-13.5  1.88  1.74  1.30 -0.16 -1.85 -2.38 -3.19 -3.22 -3.21 -2.52 -1.44  0.55 -1.04
-12.5  2.25  2.12  1.55 -0.09 -1.98 -2.65 -3.52 -3.53 -3.45 -2.58 -1.33  0.81 -1.03
-11.5  2.56  2.48  1.82  0.02 -2.06 -2.88 -3.83 -3.84 -3.67 -2.63 -1.23  1.02 -1.02
-10.5  2.83  2.82  2.13  0.18 -2.11 -3.06 -4.07 -4.08 -3.84 -2.67 -1.19  1.17 -0.99
 -9.5  3.04  3.11  2.43  0.34 -2.12 -3.15 -4.21 -4.25 -3.98 -2.74 -1.20  1.27 -0.95
 -8.5  3.23  3.36  2.72  0.49 -2.09 -3.16 -4.28 -4.36 -4.08 -2.83 -1.24  1.37 -0.90
 -7.5  3.40  3.58  3.02  0.68 -2.03 -3.14 -4.33 -4.46 -4.17 -2.90 -1.26  1.48 -0.84
 -6.5  3.54  3.79  3.36  0.92 -1.96 -3.14 -4.37 -4.53 -4.22 -2.94 -1.28  1.56 -0.77
 -5.5  3.62  4.00  3.77  1.25 -1.85 -3.10 -4.38 -4.56 -4.23 -2.97 -1.31  1.60 -0.68
 -4.5  3.68  4.22  4.20  1.64 -1.66 -3.01 -4.33 -4.55 -4.23 -3.01 -1.35  1.60 -0.57
 -3.5  3.77  4.46  4.62  2.07 -1.39 -2.85 -4.23 -4.50 -4.25 -3.08 -1.39  1.62 -0.43
 -2.5  3.94  4.70  4.94  2.47 -1.06 -2.65 -4.09 -4.43 -4.28 -3.15 -1.37  1.75 -0.27
 -1.5  4.20  4.92  5.15  2.81 -0.69 -2.36 -3.88 -4.34 -4.34 -3.20 -1.25  2.00 -0.08
 -0.5  4.56  5.12  5.24  3.07 -0.28 -1.99 -3.62 -4.28 -4.44 -3.21 -1.03  2.38  0.13
  0.5  4.95  5.30  5.27  3.29  0.16 -1.57 -3.33 -4.24 -4.56 -3.21 -0.77  2.81  0.34
  1.5  5.34  5.50  5.30  3.49  0.56 -1.20 -3.09 -4.21 -4.67 -3.21 -0.51  3.25  0.54
  2.5  5.75  5.75  5.39  3.64  0.81 -0.98 -2.94 -4.22 -4.79 -3.23 -0.27  3.68  0.72
  3.5  6.16  6.09  5.63  3.84  0.90 -0.95 -2.91 -4.24 -4.91 -3.29 -0.08  4.09  0.86
  4.5  6.54  6.45  5.97  4.10  0.94 -1.05 -2.96 -4.29 -5.02 -3.36  0.08  4.45  0.99
  5.5  6.83  6.74  6.33  4.45  1.03 -1.18 -3.12 -4.43 -5.11 -3.35  0.25  4.75  1.10
  6.5  6.97  6.89  6.59  4.78  1.19 -1.28 -3.34 -4.63 -5.15 -3.22  0.52  5.01  1.19
  7.5  6.99  6.83  6.65  5.00  1.38 -1.26 -3.50 -4.79 -5.12 -2.98  0.88  5.23  1.28
  8.5  6.86  6.58  6.49  5.04  1.57 -1.08 -3.45 -4.83 -5.00 -2.64  1.28  5.40  1.35
  9.5  6.59  6.18  6.15  4.92  1.71 -0.76 -3.14 -4.63 -4.71 -2.23  1.62  5.40  1.42
 10.5  6.14  5.68  5.74  4.69  1.80 -0.37 -2.62 -4.18 -4.23 -1.76  1.84  5.18  1.49
 11.5  5.56  5.10  5.31  4.42  1.86  0.06 -1.98 -3.54 -3.63 -1.29  1.95  4.80  1.55
 12.5  4.98  4.53  4.88  4.13  1.90  0.49 -1.30 -2.80 -2.94 -0.83  1.97  4.38  1.61
 13.5  4.48  4.01  4.47  3.82  1.89  0.80 -0.71 -2.04 -2.20 -0.38  1.96  4.00  1.67
 14.5  4.06  3.56  4.09  3.52  1.83  1.03 -0.20 -1.35 -1.54  0.01  1.95  3.68  1.72
 15.5  3.69  3.17  3.77  3.26  1.76  1.17  0.18 -0.77 -0.96  0.36  1.95  3.39  1.75
 16.5  3.39  2.87  3.52  3.03  1.68  1.27  0.46 -0.31 -0.47  0.66  1.95  3.14  1.76
 17.5  3.15  2.65  3.33  2.85  1.63  1.35  0.69  0.04 -0.12  0.85  1.92  2.93  1.77
 18.5  2.97  2.48  3.18  2.72  1.58  1.40  0.87  0.34  0.16  0.97  1.86  2.74  1.77
 19.5  2.80  2.33  3.06  2.62  1.54  1.46  1.05  0.59  0.37  1.03  1.78  2.56  1.77
 20.5  2.60  2.16  2.93  2.53  1.52  1.55  1.25  0.84  0.56  1.07  1.71  2.38  1.76
 21.5  2.37  1.97  2.81  2.47  1.55  1.65  1.41  1.06  0.73  1.12  1.63  2.19  1.75
 22.5  2.16  1.81  2.71  2.45  1.59  1.73  1.55  1.24  0.85  1.14  1.55  2.00  1.73
 23.5  1.99  1.69  2.64  2.44  1.64  1.81  1.65  1.38  0.93  1.15  1.47  1.84  1.72
 24.5  1.82  1.56  2.56  2.43  1.69  1.87  1.72  1.50  1.03  1.17  1.39  1.68  1.70
 25.5  1.67  1.47  2.49  2.41  1.72  1.93  1.79  1.60  1.11  1.18  1.30  1.54  1.68
 26.5  1.54  1.37  2.41  2.36  1.73  1.93  1.77  1.65  1.20  1.22  1.25  1.43  1.66
 27.5  1.42  1.29  2.33  2.31  1.72  1.93  1.75  1.69  1.28  1.26  1.22  1.34  1.63
 28.5  1.31  1.21  2.26  2.25  1.71  1.93  1.74  1.72  1.34  1.28  1.18  1.25  1.60
 29.5  1.21  1.14  2.18  2.20  1.72  1.95  1.72  1.74  1.38  1.29  1.14  1.17  1.57
 30.5  1.12  1.09  2.11  2.15  1.71  1.94  1.69  1.74  1.41  1.30  1.11  1.10  1.54
 31.5  1.05  1.04  2.05  2.09  1.68  1.91  1.65  1.73  1.43  1.32  1.09  1.06  1.51
 32.5  1.02  1.03  1.98  2.02  1.63  1.86  1.60  1.70  1.44  1.31  1.06  1.02  1.47
 33.5  0.99  1.02  1.91  1.95  1.59  1.81  1.55  1.64  1.39  1.26  1.02  0.99  1.43
 34.5  0.99  1.04  1.85  1.87  1.54  1.77  1.48  1.55  1.32  1.18  0.95  0.95  1.37
 35.5  0.98  1.04  1.79  1.80  1.50  1.72  1.39  1.45  1.23  1.09  0.89  0.93  1.32
 36.5  0.97  1.04  1.73  1.75  1.44  1.62  1.31  1.36  1.14  1.00  0.83  0.90  1.26
 37.5  0.97  1.04  1.67  1.67  1.36  1.50  1.19  1.27  1.06  0.90  0.75  0.88  1.19
 38.5  1.02  1.08  1.62  1.56  1.22  1.34  1.06  1.15  0.95  0.79  0.67  0.87  1.11
 39.5  1.09  1.12  1.57  1.47  1.08  1.14  0.89  1.00  0.82  0.69  0.62  0.90  1.03
 40.5  1.13  1.14  1.51  1.36  0.95  0.96  0.72  0.84  0.69  0.60  0.59  0.93  0.95
 41.5  1.22  1.20  1.49  1.29  0.84  0.78  0.55  0.67  0.55  0.50  0.57  0.98  0.89
 42.5  1.32  1.28  1.49  1.24  0.74  0.62  0.39  0.53  0.44  0.43  0.56  1.06  0.84
 43.5  1.42  1.33  1.49  1.20  0.68  0.51  0.28  0.42  0.35  0.39  0.58  1.14  0.81
 44.5  1.47  1.34  1.47  1.17  0.64  0.44  0.22  0.36  0.30  0.37  0.62  1.21  0.80
 45.5  1.49  1.34  1.46  1.16  0.62  0.37  0.15  0.31  0.28  0.38  0.68  1.27  0.79
 46.5  1.49  1.32  1.45  1.16  0.62  0.34  0.12  0.28  0.27  0.39  0.74  1.31  0.79
 47.5  1.47  1.30  1.42  1.15  0.63  0.32  0.11  0.26  0.26  0.42  0.78  1.33  0.79
 48.5  1.45  1.28  1.40  1.15  0.63  0.31  0.09  0.25  0.28  0.45  0.82  1.33  0.79
 49.5  1.42  1.26  1.39  1.14  0.63  0.29  0.08  0.25  0.29  0.47  0.84  1.33  0.78
 50.5  1.38  1.23  1.35  1.12  0.62  0.28  0.06  0.24  0.31  0.51  0.87  1.33  0.77
 51.5  1.35  1.20  1.32  1.10  0.62  0.26  0.04  0.22  0.31  0.53  0.88  1.32  0.76
 52.5  1.31  1.16  1.27  1.06  0.59  0.23  0.02  0.22  0.33  0.55  0.90  1.31  0.75
 53.5  1.28  1.13  1.22  1.02  0.57  0.21  0.00  0.21  0.34  0.58  0.91  1.30  0.73
 54.5  1.23  1.09  1.17  0.98  0.55  0.19 -0.01  0.21  0.35  0.60  0.92  1.27  0.71
 55.5  1.19  1.05  1.12  0.93  0.52  0.16 -0.04  0.20  0.36  0.62  0.92  1.25  0.69
 56.5  1.15  1.02  1.08  0.89  0.48  0.12 -0.08  0.18  0.37  0.64  0.92  1.22  0.67
 57.5  1.09  0.98  1.03  0.85  0.45  0.08 -0.10  0.17  0.38  0.65  0.90  1.17  0.64
 58.5  1.03  0.94  0.97  0.80  0.42  0.05 -0.13  0.15  0.39  0.66  0.87  1.11  0.60
 59.5  0.97  0.90  0.92  0.75  0.39  0.01 -0.17  0.13  0.38  0.65  0.83  1.05  0.57
 60.5  0.91  0.86  0.87  0.70  0.35 -0.04 -0.22  0.10  0.37  0.64  0.79  0.99  0.53
 61.5  0.86  0.81  0.83  0.67  0.32 -0.07 -0.25  0.07  0.35  0.61  0.75  0.94  0.49
 62.5  0.82  0.78  0.80  0.64  0.30 -0.10 -0.29  0.04  0.33  0.59  0.72  0.90  0.46
 63.5  0.80  0.77  0.77  0.61  0.26 -0.14 -0.32  0.01  0.31  0.57  0.68  0.86  0.43
 64.5  0.79  0.76  0.75  0.57  0.22 -0.17 -0.36 -0.01  0.29  0.56  0.66  0.84  0.41
 65.5  0.77  0.74  0.72  0.54  0.20 -0.20 -0.38 -0.03  0.28  0.54  0.65  0.82  0.39
 66.5  0.74  0.72  0.70  0.52  0.18 -0.22 -0.40 -0.04  0.28  0.54  0.63  0.80  0.37
 67.5  0.73  0.71  0.68  0.49  0.15 -0.24 -0.42 -0.05  0.29  0.55  0.63  0.79  0.36
 68.5  0.71  0.69  0.65  0.47  0.13 -0.26 -0.43 -0.06  0.28  0.55  0.62  0.77  0.34
 69.5  0.68  0.66  0.63  0.45  0.12 -0.27 -0.44 -0.08  0.28  0.54  0.61  0.74  0.33
 70.5  0.64  0.63  0.59  0.42  0.11 -0.27 -0.46 -0.09  0.28  0.54  0.58  0.71  0.31
 71.5  0.59  0.58  0.55  0.40  0.09 -0.27 -0.46 -0.10  0.27  0.52  0.54  0.65  0.28
 72.5  0.53  0.53  0.50  0.37  0.09 -0.26 -0.44 -0.11  0.26  0.49  0.49  0.59  0.25
 73.5  0.47  0.48  0.46  0.33  0.07 -0.24 -0.42 -0.11  0.25  0.46  0.44  0.52  0.23
 74.5  0.42  0.42  0.41  0.30  0.06 -0.22 -0.40 -0.11  0.23  0.41  0.39  0.46  0.20
 75.5  0.37  0.37  0.35  0.26  0.04 -0.20 -0.37 -0.10  0.21  0.36  0.34  0.40  0.17
 76.5  0.32  0.31  0.30  0.22  0.02 -0.19 -0.35 -0.10  0.19  0.32  0.30  0.35  0.14
 77.5  0.27  0.27  0.26  0.18  0.00 -0.17 -0.32 -0.10  0.17  0.28  0.27  0.30  0.12
 78.5  0.23  0.23  0.22  0.14 -0.01 -0.16 -0.29 -0.09  0.15  0.24  0.23  0.26  0.10
 79.5  0.20  0.19  0.18  0.12 -0.01 -0.14 -0.26 -0.09  0.13  0.20  0.19  0.22  0.08
 80.5  0.17  0.16  0.15  0.10 -0.02 -0.12 -0.23 -0.08  0.11  0.16  0.16  0.18  0.06
 81.5  0.14  0.14  0.13  0.08 -0.02 -0.11 -0.19 -0.07  0.09  0.13  0.13  0.15  0.05
 82.5  0.11  0.12  0.11  0.06 -0.02 -0.09 -0.16 -0.06  0.07  0.10  0.10  0.12  0.04
 83.5  0.08  0.08  0.08  0.05 -0.02 -0.07 -0.13 -0.05  0.05  0.07  0.07  0.08  0.03
 84.5  0.06  0.06  0.06  0.03 -0.01 -0.05 -0.10 -0.03  0.04  0.05  0.05  0.06  0.02
 85.5  0.04  0.04  0.04  0.02 -0.01 -0.04 -0.07 -0.02  0.03  0.03  0.03  0.04  0.01
 86.5  0.02  0.03  0.02  0.01 -0.01 -0.03 -0.05 -0.02  0.02  0.02  0.02  0.02  0.01
 87.5  0.01  0.01  0.01  0.01 -0.00 -0.02 -0.03 -0.01  0.01  0.01  0.01  0.01  0.00
 88.5  0.01  0.01  0.01  0.00 -0.00 -0.01 -0.01 -0.00  0.00  0.01  0.01  0.01  0.00
 89.5  0.00  0.00  0.00  0.00 -0.00 -0.00 -0.01 -0.00  0.00  0.00  0.00  0.00  0.00
