Fig. 4b_Mean annual cycle of ensemble mean MHT (PW) for the Indo-Pacific ocean (latitude 33.5S - 64.5N, January - December and annual mean, missing is MMM) every 1 degree

-33.5 -1.08 -1.80 -1.59 -1.65 -1.38 -0.40 -0.34 -0.75 -1.07 -1.41 -1.83 -1.07 -1.20
-32.5 -1.14 -1.87 -1.65 -1.69 -1.38 -0.35 -0.30 -0.71 -1.05 -1.43 -1.85 -1.12 -1.21
-31.5 -1.19 -1.92 -1.67 -1.72 -1.38 -0.32 -0.29 -0.69 -1.05 -1.46 -1.86 -1.16 -1.23
-30.5 -1.23 -1.97 -1.70 -1.74 -1.38 -0.31 -0.28 -0.68 -1.06 -1.49 -1.88 -1.19 -1.24
-29.5 -1.26 -2.00 -1.73 -1.77 -1.40 -0.33 -0.30 -0.69 -1.08 -1.52 -1.90 -1.22 -1.27
-28.5 -1.28 -2.02 -1.75 -1.81 -1.44 -0.35 -0.33 -0.71 -1.12 -1.56 -1.91 -1.24 -1.29
-27.5 -1.28 -2.02 -1.76 -1.84 -1.47 -0.39 -0.39 -0.75 -1.16 -1.61 -1.92 -1.25 -1.32
-26.5 -1.27 -2.00 -1.74 -1.85 -1.51 -0.45 -0.47 -0.81 -1.23 -1.66 -1.93 -1.25 -1.35
-25.5 -1.24 -1.94 -1.70 -1.87 -1.55 -0.52 -0.56 -0.90 -1.31 -1.72 -1.94 -1.24 -1.37
-24.5 -1.19 -1.86 -1.65 -1.88 -1.61 -0.60 -0.67 -1.00 -1.41 -1.77 -1.95 -1.22 -1.40
-23.5 -1.10 -1.76 -1.59 -1.88 -1.68 -0.71 -0.80 -1.10 -1.50 -1.82 -1.95 -1.19 -1.42
-22.5 -1.01 -1.63 -1.50 -1.88 -1.75 -0.84 -0.95 -1.23 -1.61 -1.88 -1.96 -1.15 -1.45
-21.5 -0.90 -1.48 -1.39 -1.86 -1.83 -0.98 -1.11 -1.37 -1.73 -1.95 -1.97 -1.11 -1.47
-20.5 -0.77 -1.30 -1.27 -1.82 -1.91 -1.14 -1.30 -1.54 -1.87 -2.02 -1.98 -1.05 -1.50
-19.5 -0.61 -1.10 -1.13 -1.78 -1.99 -1.31 -1.51 -1.73 -2.02 -2.11 -2.00 -0.98 -1.52
-18.5 -0.43 -0.88 -0.98 -1.73 -2.07 -1.49 -1.74 -1.94 -2.21 -2.22 -2.01 -0.90 -1.55
-17.5 -0.21 -0.60 -0.79 -1.66 -2.17 -1.70 -2.00 -2.19 -2.43 -2.33 -2.02 -0.78 -1.57
-16.5  0.07 -0.27 -0.57 -1.58 -2.27 -1.93 -2.28 -2.47 -2.66 -2.46 -2.02 -0.64 -1.59
-15.5  0.38  0.08 -0.35 -1.51 -2.40 -2.18 -2.59 -2.76 -2.90 -2.58 -2.00 -0.46 -1.61
-14.5  0.72  0.45 -0.13 -1.46 -2.55 -2.48 -2.92 -3.06 -3.13 -2.67 -1.93 -0.24 -1.62
-13.5  1.05  0.80  0.08 -1.43 -2.72 -2.76 -3.23 -3.34 -3.35 -2.74 -1.84 -0.01 -1.62
-12.5  1.38  1.15  0.30 -1.37 -2.85 -3.02 -3.54 -3.63 -3.57 -2.79 -1.73  0.22 -1.62
-11.5  1.66  1.49  0.56 -1.25 -2.92 -3.23 -3.83 -3.91 -3.77 -2.82 -1.64  0.41 -1.60
-10.5  1.89  1.81  0.86 -1.07 -2.93 -3.39 -4.06 -4.15 -3.95 -2.87 -1.59  0.53 -1.58
 -9.5  2.09  2.10  1.17 -0.88 -2.91 -3.46 -4.19 -4.33 -4.10 -2.96 -1.61  0.61 -1.54
 -8.5  2.26  2.34  1.45 -0.69 -2.83 -3.44 -4.27 -4.48 -4.24 -3.05 -1.65  0.70 -1.49
 -7.5  2.40  2.55  1.74 -0.47 -2.73 -3.42 -4.35 -4.62 -4.36 -3.13 -1.66  0.79 -1.44
 -6.5  2.51  2.75  2.08 -0.20 -2.63 -3.41 -4.43 -4.75 -4.45 -3.17 -1.66  0.87 -1.37
 -5.5  2.56  2.93  2.47  0.14 -2.49 -3.39 -4.50 -4.85 -4.49 -3.17 -1.66  0.89 -1.30
 -4.5  2.57  3.12  2.87  0.52 -2.30 -3.34 -4.53 -4.90 -4.49 -3.17 -1.66  0.88 -1.20
 -3.5  2.61  3.31  3.23  0.91 -2.07 -3.25 -4.50 -4.88 -4.48 -3.18 -1.67  0.88 -1.09
 -2.5  2.72  3.49  3.50  1.26 -1.82 -3.13 -4.41 -4.82 -4.46 -3.19 -1.64  0.96 -0.96
 -1.5  2.92  3.66  3.66  1.53 -1.55 -2.94 -4.24 -4.71 -4.45 -3.22 -1.57  1.13 -0.81
 -0.5  3.22  3.81  3.70  1.71 -1.26 -2.66 -3.98 -4.56 -4.46 -3.25 -1.46  1.42 -0.65
  0.5  3.55  3.94  3.68  1.86 -0.94 -2.35 -3.69 -4.41 -4.47 -3.29 -1.34  1.76 -0.48
  1.5  3.89  4.08  3.66  1.98 -0.65 -2.04 -3.41 -4.27 -4.50 -3.35 -1.23  2.10 -0.31
  2.5  4.23  4.27  3.71  2.09 -0.44 -1.83 -3.22 -4.18 -4.56 -3.43 -1.13  2.43 -0.17
  3.5  4.54  4.52  3.89  2.25 -0.33 -1.74 -3.11 -4.15 -4.65 -3.54 -1.05  2.71 -0.05
  4.5  4.79  4.78  4.15  2.48 -0.26 -1.74 -3.10 -4.17 -4.76 -3.63 -0.96  2.96  0.04
  5.5  4.95  4.97  4.43  2.77 -0.16 -1.79 -3.17 -4.28 -4.86 -3.65 -0.82  3.17  0.13
  6.5  5.04  5.07  4.63  3.05 -0.02 -1.84 -3.31 -4.45 -4.94 -3.58 -0.58  3.38  0.21
  7.5  5.06  5.02  4.68  3.23  0.13 -1.84 -3.42 -4.58 -4.95 -3.41 -0.25  3.60  0.27
  8.5  4.95  4.82  4.55  3.28  0.28 -1.73 -3.38 -4.59 -4.87 -3.15  0.09  3.74  0.33
  9.5  4.69  4.45  4.24  3.18  0.40 -1.51 -3.15 -4.41 -4.61 -2.78  0.42  3.74  0.39
 10.5  4.27  3.99  3.86  2.98  0.48 -1.21 -2.77 -4.04 -4.17 -2.32  0.66  3.56  0.44
 11.5  3.75  3.46  3.46  2.74  0.55 -0.88 -2.30 -3.54 -3.62 -1.84  0.82  3.25  0.49
 12.5  3.22  2.93  3.08  2.50  0.59 -0.55 -1.79 -2.95 -3.02 -1.39  0.90  2.88  0.53
 13.5  2.75  2.45  2.70  2.23  0.59 -0.31 -1.34 -2.33 -2.37 -0.95  0.94  2.54  0.57
 14.5  2.36  2.03  2.36  1.97  0.55 -0.11 -0.92 -1.79 -1.82 -0.58  0.96  2.27  0.61
 15.5  2.04  1.70  2.09  1.74  0.51  0.04 -0.60 -1.35 -1.36 -0.27  0.98  2.02  0.63
 16.5  1.77  1.44  1.87  1.54  0.46  0.15 -0.36 -1.00 -0.99 -0.02  0.99  1.81  0.64
 17.5  1.57  1.25  1.70  1.38  0.43  0.25 -0.15 -0.73 -0.72  0.15  0.97  1.62  0.64
 18.5  1.41  1.11  1.57  1.26  0.41  0.34  0.02 -0.51 -0.52  0.24  0.91  1.45  0.64
 19.5  1.27  0.98  1.46  1.18  0.40  0.42  0.19 -0.30 -0.36  0.27  0.81  1.28  0.63
 20.5  1.09  0.83  1.34  1.09  0.40  0.54  0.38 -0.09 -0.22  0.28  0.70  1.10  0.62
 21.5  0.88  0.66  1.22  1.04  0.43  0.65  0.55  0.10 -0.09  0.29  0.60  0.89  0.60
 22.5  0.69  0.52  1.13  1.01  0.48  0.75  0.69  0.27  0.02  0.30  0.51  0.71  0.59
 23.5  0.54  0.40  1.06  0.99  0.53  0.83  0.81  0.40  0.09  0.28  0.42  0.56  0.57
 24.5  0.40  0.30  0.99  0.98  0.58  0.90  0.89  0.52  0.17  0.28  0.33  0.41  0.56
 25.5  0.27  0.21  0.92  0.96  0.62  0.97  0.98  0.63  0.25  0.27  0.23  0.27  0.55
 26.5  0.17  0.13  0.85  0.92  0.63  0.99  1.00  0.70  0.32  0.28  0.17  0.17  0.53
 27.5  0.08  0.07  0.79  0.88  0.64  1.01  1.01  0.76  0.38  0.29  0.12  0.09  0.51
 28.5  0.00  0.01  0.73  0.83  0.63  1.02  1.01  0.81  0.43  0.30  0.07  0.01  0.49
 29.5 -0.07 -0.04  0.67  0.79  0.63  1.03  1.02  0.84  0.46  0.30  0.04 -0.06  0.47
 30.5 -0.13 -0.07  0.62  0.75  0.62  1.02  1.00  0.85  0.48  0.30  0.01 -0.12  0.44
 31.5 -0.17 -0.09  0.57  0.71  0.59  0.98  0.97  0.84  0.49  0.31 -0.00 -0.15  0.42
 32.5 -0.19 -0.10  0.52  0.64  0.55  0.94  0.94  0.82  0.48  0.29 -0.02 -0.17  0.39
 33.5 -0.20 -0.10  0.46  0.59  0.51  0.90  0.90  0.78  0.45  0.24 -0.05 -0.19  0.36
 34.5 -0.18 -0.06  0.42  0.51  0.47  0.86  0.84  0.71  0.39  0.18 -0.10 -0.20  0.32
 35.5 -0.16 -0.04  0.38  0.45  0.44  0.83  0.77  0.62  0.30  0.09 -0.14 -0.18  0.28
 36.5 -0.13 -0.02  0.34  0.41  0.40  0.76  0.71  0.55  0.22  0.02 -0.18 -0.17  0.24
 37.5 -0.09  0.02  0.32  0.37  0.35  0.68  0.63  0.48  0.16 -0.05 -0.22 -0.17  0.20
 38.5 -0.04  0.06  0.29  0.30  0.28  0.59  0.56  0.40  0.09 -0.13 -0.27 -0.16  0.16
 39.5  0.03  0.11  0.26  0.24  0.20  0.49  0.47  0.33  0.01 -0.21 -0.31 -0.12  0.12
 40.5  0.07  0.15  0.24  0.19  0.14  0.41  0.39  0.25 -0.06 -0.28 -0.33 -0.10  0.09
 41.5  0.13  0.19  0.24  0.16  0.10  0.33  0.32  0.17 -0.13 -0.34 -0.35 -0.06  0.06
 42.5  0.20  0.25  0.25  0.14  0.06  0.27  0.26  0.11 -0.18 -0.39 -0.37 -0.03  0.05
 43.5  0.24  0.27  0.25  0.14  0.06  0.23  0.22  0.07 -0.22 -0.42 -0.38  0.01  0.04
 44.5  0.27  0.28  0.25  0.14  0.05  0.20  0.19  0.04 -0.24 -0.42 -0.35  0.04  0.04
 45.5  0.29  0.29  0.25  0.15  0.05  0.17  0.16  0.01 -0.25 -0.41 -0.31  0.08  0.04
 46.5  0.31  0.30  0.26  0.16  0.06  0.16  0.14 -0.01 -0.26 -0.39 -0.26  0.12  0.05
 47.5  0.31  0.30  0.26  0.17  0.07  0.15  0.13 -0.02 -0.25 -0.37 -0.22  0.14  0.06
 48.5  0.31  0.29  0.26  0.18  0.08  0.14  0.12 -0.03 -0.24 -0.34 -0.18  0.16  0.06
 49.5  0.31  0.29  0.26  0.18  0.09  0.14  0.12 -0.03 -0.22 -0.30 -0.14  0.17  0.07
 50.5  0.31  0.28  0.25  0.18  0.09  0.13  0.11 -0.02 -0.19 -0.27 -0.11  0.18  0.08
 51.5  0.29  0.26  0.23  0.17  0.09  0.12  0.10 -0.02 -0.17 -0.23 -0.07  0.19  0.08
 52.5  0.27  0.23  0.21  0.16  0.08  0.11  0.10 -0.02 -0.14 -0.19 -0.04  0.18  0.08
 53.5  0.24  0.21  0.19  0.15  0.07  0.10  0.09 -0.01 -0.11 -0.15 -0.02  0.18  0.08
 54.5  0.22  0.18  0.17  0.13  0.07  0.08  0.08 -0.01 -0.09 -0.12  0.00  0.17  0.07
 55.5  0.19  0.16  0.14  0.11  0.06  0.07  0.07 -0.00 -0.07 -0.09  0.02  0.16  0.07
 56.5  0.17  0.14  0.12  0.10  0.04  0.06  0.05 -0.00 -0.06 -0.07  0.02  0.14  0.06
 57.5  0.14  0.11  0.10  0.08  0.03  0.04  0.04 -0.00 -0.04 -0.04  0.03  0.12  0.05
 58.5  0.11  0.09  0.08  0.06  0.02  0.03  0.03  0.00 -0.02 -0.02  0.03  0.10  0.04
 59.5  0.08  0.07  0.06  0.05  0.02  0.02  0.02 -0.00 -0.01 -0.02  0.02  0.07  0.03
 60.5  0.06  0.05  0.04  0.03  0.01  0.01  0.01 -0.00 -0.01 -0.02  0.01  0.05  0.02
 61.5  0.04  0.03  0.02  0.01  0.00  0.00  0.00 -0.00 -0.01 -0.01  0.00  0.03  0.01
 62.5  0.02  0.02  0.01  0.01 -0.00 -0.00 -0.00 -0.00 -0.01 -0.01  0.00  0.02  0.00
 63.5  0.01  0.01  0.01  0.00 -0.00 -0.00 -0.00 -0.00 -0.01 -0.01  0.00  0.01  0.00
 64.5  0.01  0.01  0.00  0.00 -0.00 -0.00 -0.00 -0.00 -0.00 -0.00  0.00  0.01  0.00
