Fig. 6c_Mean annual cycle of ensemble mean MHT plus sea ice MHT (PW) for the AtlanticArctic ocean (latitude 33.5S - 64.5N, January - December and annual mean, missing is MMM) every 1 degree
-33.5  0.07  0.19  0.49  0.73  0.87  0.89  0.73  0.52  0.26 -0.06 -0.01 -0.18  0.37
-32.5  0.05  0.18  0.49  0.73  0.88  0.91  0.74  0.52  0.24 -0.07 -0.03 -0.19  0.37
-31.5  0.05  0.18  0.50  0.74  0.89  0.91  0.74  0.51  0.23 -0.07 -0.03 -0.18  0.37
-30.5  0.07  0.20  0.51  0.76  0.89  0.91  0.73  0.50  0.21 -0.07 -0.03 -0.16  0.38
-29.5  0.08  0.22  0.53  0.78  0.90  0.91  0.73  0.50  0.21 -0.06 -0.02 -0.15  0.39
-28.5  0.09  0.23  0.55  0.80  0.90  0.91  0.73  0.50  0.21 -0.05 -0.01 -0.13  0.40
-27.5  0.12  0.25  0.57  0.82  0.90  0.90  0.73  0.50  0.21 -0.03  0.00 -0.10  0.41
-26.5  0.14  0.27  0.59  0.84  0.91  0.90  0.72  0.50  0.21 -0.01  0.02 -0.07  0.42
-25.5  0.17  0.30  0.61  0.85  0.91  0.90  0.72  0.50  0.21  0.00  0.04 -0.04  0.43
-24.5  0.19  0.31  0.63  0.88  0.92  0.91  0.72  0.50  0.22  0.02  0.06 -0.00  0.45
-23.5  0.22  0.33  0.65  0.91  0.94  0.92  0.72  0.51  0.22  0.04  0.08  0.02  0.46
-22.5  0.24  0.36  0.68  0.94  0.95  0.93  0.72  0.52  0.23  0.05  0.09  0.05  0.48
-21.5  0.26  0.38  0.72  0.97  0.97  0.94  0.73  0.52  0.23  0.05  0.11  0.07  0.49
-20.5  0.28  0.41  0.75  1.00  0.99  0.95  0.73  0.52  0.22  0.06  0.12  0.09  0.51
-19.5  0.30  0.43  0.78  1.03  1.01  0.96  0.73  0.52  0.22  0.06  0.12  0.10  0.52
-18.5  0.32  0.46  0.81  1.06  1.03  0.98  0.74  0.52  0.22  0.06  0.13  0.11  0.54
-17.5  0.34  0.49  0.84  1.09  1.04  0.99  0.75  0.52  0.21  0.06  0.13  0.13  0.55
-16.5  0.38  0.53  0.87  1.11  1.06  1.00  0.75  0.51  0.20  0.05  0.13  0.14  0.56
-15.5  0.41  0.57  0.90  1.13  1.08  1.00  0.74  0.50  0.19  0.04  0.13  0.16  0.57
-14.5  0.45  0.61  0.93  1.15  1.08  1.00  0.74  0.49  0.17  0.02  0.12  0.19  0.58
-13.5  0.48  0.65  0.96  1.16  1.09  1.00  0.72  0.47  0.14  0.00  0.12  0.21  0.58
-12.5  0.52  0.68  0.99  1.17  1.09  0.98  0.70  0.44  0.12 -0.01  0.12  0.24  0.59
-11.5  0.56  0.70  1.00  1.16  1.07  0.97  0.68  0.43  0.11 -0.02  0.11  0.26  0.59
-10.5  0.59  0.72  1.00  1.13  1.04  0.95  0.67  0.42  0.11 -0.02  0.12  0.29  0.59
 -9.5  0.61  0.73  1.00  1.10  1.01  0.93  0.67  0.43  0.13 -0.00  0.12  0.31  0.59
 -8.5  0.63  0.73  1.00  1.07  0.96  0.90  0.67  0.47  0.17  0.01  0.12  0.33  0.59
 -7.5  0.66  0.74  1.00  1.04  0.92  0.89  0.70  0.51  0.21  0.02  0.12  0.34  0.59
 -6.5  0.68  0.75  1.01  1.01  0.88  0.88  0.74  0.57  0.24  0.02  0.10  0.35  0.60
 -5.5  0.72  0.78  1.03  0.99  0.85  0.89  0.79  0.64  0.27 -0.00  0.07  0.36  0.61
 -4.5  0.76  0.82  1.07  1.00  0.85  0.92  0.86  0.69  0.27 -0.04  0.03  0.37  0.63
 -3.5  0.81  0.86  1.12  1.04  0.89  0.99  0.93  0.73  0.25 -0.10 -0.00  0.39  0.66
 -2.5  0.86  0.91  1.17  1.09  0.96  1.06  0.98  0.73  0.20 -0.15 -0.00  0.44  0.69
 -1.5  0.93  0.97  1.23  1.16  1.06  1.15  1.00  0.70  0.12 -0.17  0.05  0.51  0.73
 -0.5  0.99  1.02  1.28  1.24  1.17  1.23  1.00  0.61  0.04 -0.15  0.16  0.60  0.77
  0.5  1.04  1.08  1.33  1.32  1.29  1.32  0.98  0.49 -0.06 -0.10  0.31  0.70  0.81
  1.5  1.09  1.13  1.38  1.39  1.39  1.39  0.94  0.38 -0.15 -0.04  0.46  0.80  0.85
  2.5  1.16  1.20  1.43  1.44  1.43  1.39  0.89  0.28 -0.21  0.02  0.60  0.90  0.88
  3.5  1.27  1.28  1.48  1.47  1.42  1.33  0.82  0.23 -0.24  0.07  0.71  1.02  0.90
  4.5  1.40  1.39  1.56  1.50  1.38  1.24  0.75  0.20 -0.24  0.10  0.77  1.14  0.93
  5.5  1.52  1.49  1.64  1.56  1.37  1.15  0.66  0.17 -0.23  0.13  0.80  1.23  0.96
  6.5  1.57  1.54  1.71  1.62  1.39  1.10  0.58  0.13 -0.20  0.19  0.82  1.26  0.98
  7.5  1.57  1.52  1.72  1.66  1.44  1.11  0.53  0.10 -0.14  0.27  0.86  1.27  0.99
  8.5  1.55  1.48  1.69  1.65  1.48  1.19  0.54  0.07 -0.12  0.33  0.91  1.29  1.01
  9.5  1.53  1.43  1.66  1.63  1.50  1.29  0.62  0.09 -0.09  0.37  0.93  1.29  1.02
 10.5  1.49  1.40  1.62  1.60  1.50  1.38  0.75  0.18 -0.04  0.38  0.90  1.24  1.03
 11.5  1.44  1.35  1.59  1.57  1.49  1.47  0.92  0.31  0.02  0.38  0.85  1.18  1.05
 12.5  1.40  1.31  1.55  1.52  1.48  1.56  1.08  0.45  0.09  0.39  0.80  1.13  1.06
 13.5  1.36  1.27  1.52  1.48  1.47  1.63  1.21  0.59  0.19  0.40  0.76  1.09  1.08
 14.5  1.33  1.24  1.48  1.44  1.46  1.65  1.30  0.74  0.30  0.42  0.72  1.04  1.09
 15.5  1.29  1.18  1.43  1.40  1.43  1.65  1.36  0.88  0.42  0.46  0.70  1.00  1.10
 16.5  1.24  1.13  1.39  1.38  1.40  1.64  1.40  0.98  0.53  0.50  0.69  0.97  1.10
 17.5  1.21  1.10  1.37  1.36  1.38  1.61  1.42  1.07  0.62  0.53  0.69  0.94  1.11
 18.5  1.19  1.08  1.37  1.35  1.35  1.58  1.44  1.14  0.69  0.55  0.68  0.92  1.11
 19.5  1.16  1.06  1.36  1.34  1.33  1.56  1.44  1.20  0.75  0.58  0.70  0.91  1.11
 20.5  1.14  1.04  1.34  1.33  1.31  1.53  1.44  1.23  0.80  0.62  0.73  0.92  1.12
 21.5  1.13  1.02  1.34  1.33  1.30  1.51  1.44  1.26  0.83  0.64  0.75  0.93  1.12
 22.5  1.11  1.00  1.33  1.33  1.30  1.50  1.43  1.27  0.85  0.67  0.77  0.92  1.12
 23.5  1.08  0.99  1.33  1.34  1.30  1.49  1.43  1.28  0.86  0.69  0.78  0.92  1.12
 24.5  1.06  0.97  1.33  1.34  1.29  1.48  1.40  1.27  0.88  0.71  0.80  0.91  1.12
 25.5  1.03  0.96  1.32  1.34  1.28  1.47  1.38  1.26  0.89  0.74  0.80  0.91  1.11
 26.5  1.00  0.94  1.30  1.33  1.28  1.45  1.35  1.24  0.91  0.76  0.81  0.90  1.11
 27.5  0.97  0.92  1.29  1.32  1.27  1.43  1.31  1.22  0.92  0.79  0.83  0.89  1.10
 28.5  0.94  0.90  1.27  1.31  1.26  1.43  1.29  1.21  0.93  0.81  0.83  0.88  1.09
 29.5  0.91  0.88  1.26  1.30  1.27  1.43  1.27  1.19  0.94  0.81  0.83  0.87  1.08
 30.5  0.88  0.86  1.24  1.29  1.27  1.43  1.26  1.18  0.95  0.82  0.83  0.85  1.07
 31.5  0.86  0.84  1.23  1.28  1.27  1.44  1.25  1.18  0.96  0.83  0.82  0.84  1.07
 32.5  0.84  0.83  1.21  1.27  1.27  1.44  1.25  1.18  0.97  0.84  0.80  0.82  1.06
 33.5  0.81  0.80  1.18  1.26  1.27  1.44  1.24  1.17  0.97  0.83  0.79  0.80  1.05
 34.5  0.78  0.78  1.17  1.25  1.26  1.43  1.22  1.15  0.96  0.83  0.76  0.77  1.03
 35.5  0.74  0.77  1.15  1.25  1.25  1.41  1.20  1.13  0.96  0.82  0.73  0.72  1.01
 36.5  0.71  0.74  1.13  1.23  1.24  1.39  1.18  1.12  0.94  0.80  0.70  0.68  0.99
 37.5  0.67  0.71  1.11  1.21  1.21  1.36  1.15  1.10  0.93  0.77  0.67  0.65  0.96
 38.5  0.66  0.70  1.08  1.18  1.15  1.29  1.10  1.05  0.88  0.73  0.63  0.63  0.92
 39.5  0.66  0.69  1.06  1.15  1.10  1.20  1.01  0.98  0.83  0.71  0.60  0.61  0.88
 40.5  0.66  0.68  1.02  1.09  1.03  1.11  0.93  0.91  0.78  0.69  0.60  0.61  0.84
 41.5  0.69  0.70  1.01  1.06  0.97  1.01  0.83  0.82  0.72  0.65  0.59  0.63  0.80
 42.5  0.71  0.71  1.00  1.02  0.91  0.93  0.75  0.74  0.65  0.62  0.60  0.65  0.77
 43.5  0.74  0.72  0.99  0.99  0.86  0.87  0.69  0.68  0.60  0.60  0.61  0.68  0.75
 44.5  0.76  0.72  0.97  0.97  0.83  0.82  0.66  0.65  0.58  0.58  0.61  0.71  0.74
 45.5  0.75  0.70  0.96  0.96  0.82  0.80  0.63  0.63  0.57  0.58  0.62  0.72  0.73
 46.5  0.73  0.68  0.94  0.95  0.82  0.78  0.62  0.62  0.55  0.57  0.62  0.73  0.72
 47.5  0.71  0.66  0.91  0.93  0.81  0.77  0.62  0.62  0.55  0.57  0.63  0.72  0.71
 48.5  0.69  0.65  0.89  0.91  0.80  0.76  0.61  0.61  0.54  0.57  0.62  0.71  0.70
 49.5  0.66  0.63  0.88  0.90  0.79  0.76  0.60  0.60  0.53  0.56  0.61  0.69  0.68
 50.5  0.63  0.61  0.86  0.89  0.79  0.75  0.59  0.59  0.52  0.55  0.59  0.68  0.67
 51.5  0.61  0.60  0.84  0.87  0.78  0.74  0.57  0.57  0.50  0.53  0.57  0.66  0.66
 52.5  0.60  0.59  0.81  0.85  0.77  0.73  0.56  0.56  0.49  0.51  0.56  0.66  0.64
 53.5  0.59  0.58  0.79  0.82  0.75  0.71  0.56  0.55  0.48  0.50  0.54  0.65  0.63
 54.5  0.57  0.57  0.77  0.80  0.74  0.70  0.55  0.55  0.47  0.49  0.53  0.64  0.61
 55.5  0.55  0.56  0.74  0.77  0.72  0.69  0.54  0.54  0.46  0.48  0.51  0.63  0.60
 56.5  0.53  0.55  0.72  0.75  0.70  0.67  0.52  0.52  0.45  0.47  0.50  0.61  0.58
 57.5  0.51  0.53  0.69  0.72  0.68  0.66  0.50  0.50  0.44  0.46  0.48  0.58  0.56
 58.5  0.48  0.51  0.66  0.69  0.66  0.64  0.49  0.49  0.43  0.44  0.45  0.54  0.54
 59.5  0.44  0.49  0.64  0.67  0.64  0.61  0.46  0.46  0.41  0.42  0.41  0.50  0.51
 60.5  0.42  0.47  0.61  0.64  0.61  0.58  0.43  0.44  0.39  0.41  0.39  0.47  0.49
 61.5  0.39  0.45  0.58  0.62  0.59  0.55  0.40  0.41  0.37  0.38  0.35  0.44  0.46
 62.5  0.36  0.44  0.56  0.60  0.57  0.52  0.37  0.38  0.34  0.35  0.31  0.41  0.43
 63.5  0.35  0.43  0.54  0.57  0.54  0.49  0.33  0.35  0.32  0.33  0.28  0.38  0.41
 64.5  0.35  0.43  0.52  0.53  0.50  0.45  0.30  0.33  0.31  0.31  0.26  0.37  0.39
