Fig. 6a_Mean annual cycle of ensemble mean MHT plus sea ice MHT (PW) for the global ocean (latitude 89.5S - 89.5N, January - December and annual mean, missing is MMM)
every 1 degree

-76.5 -0.38 -0.28 -0.18 -0.00  0.28  0.60  0.64  0.33  0.01 -0.23 -0.36 -0.42  0.00
-75.5 -0.38 -0.29 -0.20 -0.02  0.27  0.59  0.62  0.32  0.00 -0.24 -0.37 -0.42 -0.01
-74.5 -0.38 -0.30 -0.21 -0.03  0.25  0.57  0.61  0.31 -0.01 -0.24 -0.37 -0.42 -0.02
-73.5 -0.38 -0.30 -0.23 -0.05  0.23  0.56  0.59  0.29 -0.02 -0.25 -0.38 -0.42 -0.03
-72.5 -0.37 -0.31 -0.26 -0.08  0.21  0.53  0.57  0.27 -0.04 -0.26 -0.38 -0.41 -0.04
-71.5 -0.36 -0.31 -0.28 -0.11  0.18  0.51  0.54  0.24 -0.06 -0.28 -0.39 -0.41 -0.06
-70.5 -0.35 -0.31 -0.31 -0.14  0.15  0.48  0.52  0.22 -0.08 -0.29 -0.39 -0.40 -0.08
-69.5 -0.33 -0.31 -0.33 -0.19  0.11  0.45  0.49  0.19 -0.10 -0.31 -0.40 -0.39 -0.09
-68.5 -0.30 -0.31 -0.36 -0.24  0.06  0.41  0.45  0.16 -0.13 -0.33 -0.41 -0.38 -0.12
-67.5 -0.28 -0.30 -0.39 -0.31 -0.01  0.36  0.41  0.12 -0.16 -0.35 -0.41 -0.37 -0.14
-66.5 -0.26 -0.29 -0.41 -0.38 -0.09  0.30  0.35  0.07 -0.19 -0.38 -0.43 -0.36 -0.17
-65.5 -0.24 -0.28 -0.43 -0.45 -0.18  0.23  0.29  0.01 -0.24 -0.41 -0.45 -0.36 -0.21
-64.5 -0.22 -0.27 -0.45 -0.53 -0.29  0.14  0.21 -0.06 -0.29 -0.46 -0.47 -0.36 -0.25
-63.5 -0.20 -0.25 -0.45 -0.60 -0.40  0.04  0.14 -0.12 -0.33 -0.50 -0.50 -0.36 -0.29
-62.5 -0.19 -0.22 -0.43 -0.63 -0.50 -0.05  0.06 -0.18 -0.39 -0.55 -0.53 -0.36 -0.33
-61.5 -0.18 -0.19 -0.41 -0.64 -0.58 -0.14 -0.01 -0.25 -0.44 -0.61 -0.57 -0.37 -0.37
-60.5 -0.17 -0.17 -0.39 -0.65 -0.64 -0.22 -0.09 -0.30 -0.49 -0.67 -0.61 -0.39 -0.40
-59.5 -0.17 -0.15 -0.37 -0.66 -0.69 -0.29 -0.16 -0.36 -0.54 -0.72 -0.64 -0.41 -0.43
-58.5 -0.18 -0.14 -0.35 -0.65 -0.72 -0.34 -0.22 -0.41 -0.58 -0.77 -0.68 -0.44 -0.46
-57.5 -0.19 -0.13 -0.33 -0.65 -0.75 -0.38 -0.27 -0.46 -0.62 -0.82 -0.71 -0.48 -0.48
-56.5 -0.17 -0.10 -0.30 -0.65 -0.78 -0.42 -0.32 -0.51 -0.67 -0.87 -0.75 -0.50 -0.50
-55.5 -0.15 -0.07 -0.28 -0.64 -0.81 -0.46 -0.38 -0.57 -0.71 -0.92 -0.79 -0.51 -0.52
-54.5 -0.12 -0.06 -0.26 -0.63 -0.83 -0.48 -0.42 -0.61 -0.75 -0.96 -0.82 -0.51 -0.54
-53.5 -0.10 -0.02 -0.22 -0.62 -0.85 -0.51 -0.45 -0.64 -0.78 -0.99 -0.83 -0.52 -0.54
-52.5 -0.08  0.01 -0.18 -0.58 -0.86 -0.53 -0.47 -0.67 -0.78 -1.01 -0.85 -0.52 -0.54
-51.5 -0.05  0.04 -0.12 -0.55 -0.85 -0.53 -0.49 -0.69 -0.79 -1.02 -0.86 -0.50 -0.53
-50.5 -0.01  0.08 -0.08 -0.52 -0.86 -0.53 -0.49 -0.70 -0.78 -1.02 -0.85 -0.46 -0.52
-49.5  0.04  0.12 -0.04 -0.49 -0.84 -0.51 -0.48 -0.69 -0.78 -1.03 -0.86 -0.43 -0.50
-48.5  0.09  0.14 -0.01 -0.47 -0.82 -0.48 -0.45 -0.68 -0.77 -1.03 -0.87 -0.41 -0.48
-47.5  0.12  0.15  0.02 -0.43 -0.80 -0.47 -0.44 -0.69 -0.77 -1.02 -0.86 -0.37 -0.46
-46.5  0.15  0.15  0.05 -0.39 -0.79 -0.46 -0.43 -0.69 -0.76 -1.02 -0.86 -0.33 -0.45
-45.5  0.15  0.11  0.04 -0.38 -0.76 -0.40 -0.38 -0.65 -0.74 -1.01 -0.88 -0.32 -0.44
-44.5  0.12  0.03  0.01 -0.38 -0.74 -0.34 -0.32 -0.62 -0.70 -1.00 -0.90 -0.32 -0.43
-43.5  0.09 -0.06 -0.05 -0.39 -0.72 -0.27 -0.24 -0.58 -0.69 -1.00 -0.94 -0.34 -0.43
-42.5  0.03 -0.19 -0.14 -0.43 -0.70 -0.20 -0.17 -0.54 -0.68 -1.00 -0.98 -0.36 -0.45
-41.5 -0.08 -0.36 -0.25 -0.49 -0.68 -0.12 -0.10 -0.49 -0.66 -1.02 -1.07 -0.44 -0.48
-40.5 -0.20 -0.55 -0.40 -0.56 -0.65 -0.04 -0.02 -0.44 -0.65 -1.04 -1.17 -0.54 -0.52
-39.5 -0.35 -0.77 -0.56 -0.63 -0.63  0.02  0.04 -0.39 -0.66 -1.11 -1.27 -0.63 -0.58
-38.5 -0.49 -0.95 -0.66 -0.68 -0.62  0.11  0.10 -0.36 -0.67 -1.19 -1.42 -0.76 -0.63
-37.5 -0.61 -1.10 -0.76 -0.74 -0.57  0.21  0.16 -0.35 -0.73 -1.28 -1.56 -0.89 -0.69
-36.5 -0.75 -1.24 -0.82 -0.75 -0.53  0.29  0.21 -0.35 -0.78 -1.35 -1.69 -1.03 -0.73
-35.5 -0.88 -1.38 -0.89 -0.76 -0.50  0.36  0.24 -0.34 -0.80 -1.40 -1.77 -1.15 -0.77
-34.5 -0.98 -1.51 -0.98 -0.80 -0.46  0.44  0.30 -0.29 -0.80 -1.45 -1.85 -1.23 -0.80
-33.5 -1.07 -1.62 -1.03 -0.81 -0.44  0.50  0.36 -0.24 -0.80 -1.49 -1.92 -1.33 -0.82
-32.5 -1.14 -1.70 -1.09 -0.85 -0.43  0.55  0.40 -0.20 -0.80 -1.51 -1.95 -1.38 -0.84
-31.5 -1.19 -1.75 -1.11 -0.86 -0.42  0.59  0.42 -0.19 -0.81 -1.54 -1.98 -1.42 -0.86
-30.5 -1.22 -1.78 -1.12 -0.87 -0.42  0.60  0.41 -0.19 -0.84 -1.57 -1.99 -1.44 -0.87
-29.5 -1.23 -1.80 -1.12 -0.88 -0.43  0.58  0.40 -0.19 -0.87 -1.60 -2.01 -1.45 -0.88
-28.5 -1.24 -1.80 -1.13 -0.90 -0.46  0.56  0.37 -0.21 -0.90 -1.62 -2.01 -1.45 -0.90
-27.5 -1.22 -1.78 -1.12 -0.91 -0.50  0.52  0.31 -0.26 -0.94 -1.65 -2.00 -1.43 -0.92
-26.5 -1.18 -1.74 -1.08 -0.91 -0.53  0.45  0.22 -0.32 -1.00 -1.69 -1.99 -1.40 -0.93
-25.5 -1.12 -1.66 -1.03 -0.90 -0.57  0.39  0.12 -0.40 -1.09 -1.73 -1.99 -1.36 -0.94
-24.5 -1.04 -1.56 -0.95 -0.89 -0.61  0.31  0.02 -0.50 -1.18 -1.77 -1.97 -1.31 -0.95
-23.5 -0.94 -1.44 -0.86 -0.87 -0.67  0.21 -0.11 -0.60 -1.27 -1.80 -1.96 -1.25 -0.96
-22.5 -0.82 -1.28 -0.75 -0.84 -0.73  0.09 -0.26 -0.72 -1.37 -1.84 -1.95 -1.19 -0.97
-21.5 -0.69 -1.11 -0.60 -0.79 -0.79 -0.04 -0.42 -0.86 -1.50 -1.91 -1.95 -1.12 -0.98
-20.5 -0.54 -0.90 -0.45 -0.72 -0.85 -0.19 -0.61 -1.03 -1.64 -1.98 -1.95 -1.05 -0.99
-19.5 -0.36 -0.68 -0.28 -0.64 -0.91 -0.35 -0.82 -1.22 -1.79 -2.06 -1.96 -0.96 -1.00
-18.5 -0.16 -0.43 -0.09 -0.56 -0.98 -0.51 -1.04 -1.43 -1.98 -2.17 -1.97 -0.86 -1.02
-17.5  0.09 -0.11  0.12 -0.47 -1.06 -0.71 -1.29 -1.68 -2.21 -2.29 -1.98 -0.73 -1.03
-16.5  0.39  0.25  0.37 -0.37 -1.14 -0.93 -1.57 -1.97 -2.45 -2.43 -1.98 -0.57 -1.03
-15.5  0.74  0.65  0.63 -0.28 -1.26 -1.19 -1.89 -2.27 -2.71 -2.55 -1.96 -0.37 -1.04
-14.5  1.12  1.06  0.88 -0.21 -1.40 -1.48 -2.23 -2.58 -2.96 -2.66 -1.89 -0.13 -1.04
-13.5  1.49  1.45  1.12 -0.16 -1.56 -1.77 -2.55 -2.89 -3.20 -2.75 -1.80  0.13 -1.04
-12.5  1.86  1.83  1.37 -0.09 -1.70 -2.05 -2.88 -3.20 -3.44 -2.81 -1.70  0.39 -1.03
-11.5  2.18  2.19  1.64  0.02 -1.78 -2.27 -3.19 -3.50 -3.65 -2.86 -1.60  0.60 -1.02
-10.5  2.44  2.53  1.94  0.17 -1.82 -2.45 -3.43 -3.75 -3.83 -2.90 -1.55  0.75 -0.99
 -9.5  2.65  2.82  2.25  0.33 -1.83 -2.54 -3.57 -3.91 -3.96 -2.98 -1.57  0.85 -0.95
 -8.5  2.85  3.07  2.54  0.49 -1.80 -2.55 -3.64 -4.03 -4.07 -3.06 -1.60  0.95 -0.90
 -7.5  3.02  3.29  2.83  0.68 -1.74 -2.54 -3.69 -4.12 -4.16 -3.13 -1.63  1.06 -0.84
 -6.5  3.16  3.50  3.18  0.92 -1.68 -2.53 -3.73 -4.19 -4.21 -3.17 -1.65  1.14 -0.77
 -5.5  3.24  3.71  3.58  1.24 -1.57 -2.50 -3.74 -4.22 -4.22 -3.20 -1.68  1.18 -0.68
 -4.5  3.30  3.94  4.02  1.64 -1.37 -2.40 -3.69 -4.21 -4.22 -3.24 -1.72  1.18 -0.57
 -3.5  3.38  4.18  4.43  2.06 -1.10 -2.24 -3.59 -4.17 -4.23 -3.31 -1.76  1.20 -0.43
 -2.5  3.55  4.41  4.76  2.47 -0.78 -2.04 -3.45 -4.09 -4.27 -3.38 -1.73  1.33 -0.27
 -1.5  3.82  4.63  4.97  2.80 -0.40 -1.76 -3.24 -4.01 -4.33 -3.43 -1.62  1.58 -0.08
 -0.5  4.17  4.84  5.06  3.06  0.01 -1.39 -2.98 -3.95 -4.43 -3.44 -1.40  1.96  0.13
  0.5  4.56  5.01  5.08  3.29  0.45 -0.97 -2.69 -3.90 -4.54 -3.45 -1.14  2.39  0.34
  1.5  4.95  5.21  5.12  3.48  0.84 -0.60 -2.45 -3.88 -4.65 -3.44 -0.87  2.83  0.54
  2.5  5.37  5.47  5.21  3.64  1.09 -0.37 -2.30 -3.88 -4.78 -3.47 -0.63  3.26  0.72
  3.5  5.78  5.80  5.44  3.83  1.19 -0.35 -2.27 -3.90 -4.89 -3.53 -0.44  3.67  0.86
  4.5  6.16  6.16  5.78  4.10  1.23 -0.45 -2.33 -3.96 -5.01 -3.59 -0.28  4.03  0.99
  5.5  6.44  6.46  6.15  4.44  1.31 -0.58 -2.48 -4.10 -5.10 -3.58 -0.11  4.33  1.10
  6.5  6.59  6.60  6.40  4.77  1.47 -0.67 -2.70 -4.30 -5.14 -3.45  0.15  4.59  1.19
  7.5  6.60  6.55  6.47  4.99  1.66 -0.66 -2.86 -4.46 -5.10 -3.21  0.51  4.81  1.28
  8.5  6.48  6.30  6.31  5.04  1.86 -0.47 -2.81 -4.49 -4.99 -2.88  0.91  4.98  1.35
  9.5  6.20  5.89  5.96  4.91  1.99 -0.16 -2.50 -4.29 -4.70 -2.46  1.26  4.98  1.42
 10.5  5.75  5.39  5.55  4.68  2.08  0.24 -1.99 -3.84 -4.22 -1.99  1.47  4.76  1.49
 11.5  5.17  4.82  5.12  4.42  2.14  0.67 -1.34 -3.20 -3.61 -1.52  1.58  4.38  1.55
 12.5  4.59  4.25  4.70  4.13  2.18  1.10 -0.66 -2.47 -2.93 -1.07  1.60  3.96  1.61
 13.5  4.09  3.73  4.28  3.82  2.17  1.41 -0.07 -1.71 -2.19 -0.61  1.59  3.58  1.67
 14.5  3.67  3.27  3.90  3.52  2.12  1.63  0.44 -1.01 -1.53 -0.22  1.58  3.26  1.72
 15.5  3.31  2.89  3.59  3.25  2.04  1.78  0.82 -0.43 -0.94  0.13  1.58  2.97  1.75
 16.5  3.01  2.59  3.33  3.02  1.97  1.87  1.10  0.02 -0.46  0.42  1.58  2.72  1.76
 17.5  2.77  2.36  3.14  2.85  1.91  1.95  1.33  0.38 -0.11  0.62  1.56  2.51  1.77
 18.5  2.59  2.20  3.00  2.71  1.86  2.01  1.51  0.67  0.17  0.74  1.50  2.32  1.77
 19.5  2.41  2.04  2.88  2.62  1.83  2.06  1.69  0.93  0.39  0.80  1.42  2.14  1.77
 20.5  2.21  1.87  2.75  2.53  1.81  2.15  1.88  1.18  0.57  0.84  1.34  1.96  1.76
 21.5  1.99  1.69  2.63  2.47  1.83  2.25  2.05  1.40  0.74  0.89  1.26  1.77  1.75
 22.5  1.77  1.53  2.53  2.44  1.88  2.34  2.19  1.58  0.86  0.91  1.19  1.58  1.73
 23.5  1.60  1.40  2.45  2.44  1.93  2.41  2.29  1.71  0.95  0.92  1.11  1.42  1.72
 24.5  1.43  1.28  2.38  2.43  1.98  2.47  2.36  1.83  1.04  0.94  1.03  1.26  1.70
 25.5  1.28  1.18  2.31  2.40  2.01  2.54  2.43  1.93  1.12  0.95  0.93  1.12  1.68
 26.5  1.15  1.08  2.23  2.36  2.02  2.54  2.41  1.99  1.22  0.99  0.88  1.01  1.66
 27.5  1.03  1.00  2.15  2.31  2.01  2.53  2.39  2.03  1.29  1.03  0.85  0.92  1.63
 28.5  0.92  0.93  2.07  2.25  2.00  2.54  2.38  2.06  1.35  1.05  0.81  0.83  1.60
 29.5  0.82  0.85  2.00  2.20  2.00  2.55  2.36  2.07  1.39  1.06  0.77  0.75  1.57
 30.5  0.73  0.80  1.93  2.15  2.00  2.54  2.33  2.07  1.42  1.07  0.74  0.68  1.54
 31.5  0.67  0.76  1.86  2.09  1.97  2.51  2.29  2.06  1.44  1.08  0.72  0.64  1.51
 32.5  0.63  0.74  1.80  2.02  1.92  2.46  2.24  2.04  1.45  1.07  0.70  0.60  1.47
 33.5  0.61  0.73  1.72  1.95  1.87  2.41  2.19  1.97  1.41  1.03  0.65  0.57  1.43
 34.5  0.60  0.75  1.67  1.87  1.83  2.37  2.12  1.88  1.34  0.95  0.58  0.53  1.37
 35.5  0.59  0.75  1.60  1.80  1.78  2.32  2.03  1.78  1.24  0.86  0.52  0.51  1.32
 36.5  0.58  0.75  1.55  1.74  1.73  2.23  1.95  1.70  1.15  0.77  0.46  0.48  1.26
 37.5  0.59  0.75  1.49  1.66  1.64  2.10  1.83  1.60  1.07  0.67  0.39  0.46  1.19
 38.5  0.63  0.79  1.43  1.56  1.51  1.94  1.70  1.49  0.96  0.56  0.30  0.45  1.11
 39.5  0.70  0.83  1.38  1.46  1.37  1.74  1.53  1.34  0.83  0.46  0.25  0.48  1.03
 40.5  0.75  0.86  1.33  1.36  1.23  1.56  1.36  1.18  0.70  0.37  0.23  0.51  0.95
 41.5  0.83  0.92  1.31  1.29  1.12  1.39  1.18  1.01  0.56  0.27  0.20  0.56  0.89
 42.5  0.94  0.99  1.30  1.23  1.02  1.23  1.03  0.87  0.45  0.20  0.20  0.64  0.84
 43.5  1.03  1.05  1.30  1.19  0.96  1.12  0.92  0.75  0.36  0.16  0.22  0.72  0.81
 44.5  1.08  1.05  1.28  1.17  0.92  1.04  0.86  0.69  0.32  0.14  0.26  0.79  0.80
 45.5  1.11  1.05  1.28  1.16  0.90  0.98  0.79  0.64  0.29  0.15  0.32  0.85  0.79
 46.5  1.11  1.04  1.26  1.16  0.91  0.94  0.76  0.61  0.28  0.16  0.37  0.89  0.79
 47.5  1.09  1.02  1.24  1.15  0.91  0.92  0.74  0.60  0.28  0.19  0.42  0.91  0.79
 48.5  1.07  1.00  1.22  1.14  0.91  0.91  0.73  0.59  0.29  0.22  0.45  0.91  0.79
 49.5  1.03  0.97  1.20  1.14  0.91  0.90  0.72  0.58  0.30  0.24  0.48  0.91  0.78
 50.5  1.00  0.94  1.17  1.12  0.91  0.88  0.70  0.57  0.32  0.27  0.50  0.91  0.77
 51.5  0.97  0.92  1.13  1.09  0.90  0.86  0.68  0.56  0.33  0.30  0.52  0.90  0.76
 52.5  0.93  0.88  1.08  1.06  0.88  0.84  0.66  0.55  0.34  0.32  0.53  0.89  0.75
 53.5  0.89  0.84  1.04  1.01  0.85  0.81  0.64  0.55  0.35  0.35  0.55  0.88  0.73
 54.5  0.84  0.80  0.99  0.98  0.83  0.79  0.63  0.54  0.36  0.37  0.55  0.85  0.71
 55.5  0.80  0.77  0.94  0.93  0.80  0.76  0.60  0.54  0.38  0.39  0.55  0.83  0.69
 56.5  0.76  0.74  0.89  0.89  0.77  0.72  0.56  0.52  0.38  0.41  0.55  0.80  0.67
 57.5  0.71  0.70  0.84  0.84  0.74  0.69  0.54  0.51  0.39  0.42  0.53  0.75  0.64
 58.5  0.65  0.66  0.79  0.79  0.70  0.65  0.50  0.49  0.40  0.43  0.51  0.69  0.60
 59.5  0.58  0.62  0.74  0.75  0.67  0.61  0.47  0.46  0.39  0.42  0.46  0.63  0.57
 60.5  0.53  0.57  0.69  0.70  0.63  0.57  0.42  0.43  0.38  0.41  0.43  0.57  0.53
 61.5  0.48  0.53  0.64  0.67  0.61  0.54  0.39  0.41  0.36  0.38  0.38  0.52  0.49
 62.5  0.44  0.50  0.61  0.64  0.58  0.50  0.35  0.38  0.34  0.36  0.35  0.48  0.46
 63.5  0.42  0.49  0.59  0.61  0.55  0.47  0.31  0.35  0.32  0.34  0.32  0.44  0.43
 64.5  0.40  0.48  0.56  0.57  0.51  0.43  0.28  0.32  0.31  0.32  0.30  0.42  0.41
 65.5  0.38  0.46  0.54  0.54  0.49  0.41  0.26  0.31  0.29  0.31  0.28  0.40  0.39
 66.5  0.36  0.44  0.51  0.51  0.46  0.39  0.24  0.30  0.29  0.31  0.27  0.38  0.37
 67.5  0.34  0.42  0.49  0.49  0.44  0.36  0.22  0.28  0.30  0.32  0.27  0.37  0.36
 68.5  0.32  0.40  0.47  0.47  0.42  0.35  0.21  0.27  0.29  0.32  0.26  0.35  0.34
 69.5  0.29  0.38  0.44  0.44  0.40  0.34  0.20  0.26  0.29  0.31  0.24  0.32  0.33
 70.5  0.25  0.34  0.41  0.42  0.39  0.33  0.18  0.25  0.29  0.30  0.22  0.29  0.31
 71.5  0.21  0.30  0.37  0.39  0.38  0.33  0.18  0.24  0.29  0.29  0.18  0.23  0.28
 72.5  0.15  0.25  0.32  0.36  0.37  0.35  0.20  0.23  0.28  0.26  0.13  0.17  0.25
 73.5  0.09  0.19  0.27  0.33  0.36  0.37  0.21  0.22  0.26  0.22  0.08  0.10  0.23
 74.5  0.04  0.14  0.22  0.29  0.34  0.38  0.24  0.23  0.24  0.18  0.03  0.04  0.20
 75.5 -0.02  0.08  0.17  0.25  0.32  0.40  0.27  0.23  0.23  0.13 -0.02 -0.02  0.17
 76.5 -0.07  0.03  0.12  0.21  0.30  0.42  0.29  0.23  0.20  0.09 -0.06 -0.07  0.14
 77.5 -0.11 -0.02  0.07  0.17  0.29  0.43  0.32  0.24  0.19  0.05 -0.10 -0.11  0.12
 78.5 -0.15 -0.06  0.03  0.14  0.28  0.45  0.35  0.24  0.16  0.01 -0.14 -0.16  0.10
 79.5 -0.19 -0.09 -0.00  0.12  0.27  0.46  0.38  0.25  0.14 -0.03 -0.18 -0.20  0.08
 80.5 -0.22 -0.12 -0.03  0.10  0.27  0.48  0.41  0.26  0.12 -0.07 -0.21 -0.24  0.06
 81.5 -0.25 -0.15 -0.06  0.08  0.27  0.50  0.45  0.27  0.10 -0.10 -0.23 -0.27  0.05
 82.5 -0.27 -0.17 -0.08  0.06  0.27  0.51  0.47  0.27  0.08 -0.13 -0.27 -0.30  0.04
 83.5 -0.30 -0.20 -0.10  0.04  0.27  0.53  0.51  0.29  0.07 -0.16 -0.30 -0.34  0.03
 84.5 -0.33 -0.23 -0.13  0.03  0.27  0.55  0.54  0.30  0.05 -0.18 -0.32 -0.36  0.02
 85.5 -0.35 -0.25 -0.15  0.02  0.27  0.57  0.57  0.31  0.04 -0.20 -0.33 -0.38  0.01
 86.5 -0.36 -0.26 -0.16  0.01  0.28  0.58  0.59  0.32  0.03 -0.21 -0.34 -0.40  0.01
 87.5 -0.37 -0.27 -0.17  0.00  0.28  0.59  0.61  0.33  0.02 -0.22 -0.35 -0.41  0.00
 88.5 -0.38 -0.28 -0.18  0.00  0.28  0.60  0.63  0.33  0.02 -0.22 -0.36 -0.41  0.00
 89.5 -0.38 -0.28 -0.18 -0.00  0.28  0.60  0.63  0.33  0.01 -0.23 -0.36 -0.42  0.00
