Fig. 4c_Mean annual cycle of ensemble mean MHT (PW) for the AtlanticArctic ocean (latitude 33.5S - 64.5N, January - December and annual mean, missing is MMM) every 1 degree
-33.5  0.45  0.48  0.68  0.73  0.59  0.29  0.09  0.18  0.24  0.17  0.36  0.24  0.37
-32.5  0.44  0.46  0.67  0.74  0.60  0.30  0.10  0.18  0.23  0.16  0.34  0.23  0.37
-31.5  0.44  0.47  0.68  0.75  0.60  0.31  0.10  0.18  0.22  0.16  0.34  0.24  0.37
-30.5  0.45  0.48  0.70  0.76  0.61  0.30  0.09  0.17  0.20  0.17  0.34  0.26  0.38
-29.5  0.47  0.50  0.72  0.79  0.61  0.30  0.09  0.16  0.19  0.17  0.34  0.27  0.39
-28.5  0.48  0.52  0.73  0.80  0.62  0.31  0.09  0.17  0.19  0.19  0.35  0.29  0.40
-27.5  0.50  0.54  0.75  0.82  0.62  0.30  0.09  0.17  0.20  0.20  0.37  0.32  0.41
-26.5  0.53  0.56  0.77  0.84  0.62  0.30  0.08  0.17  0.20  0.22  0.39  0.35  0.42
-25.5  0.56  0.58  0.79  0.86  0.63  0.30  0.08  0.17  0.20  0.23  0.41  0.38  0.43
-24.5  0.58  0.60  0.81  0.88  0.64  0.30  0.08  0.17  0.20  0.25  0.43  0.42  0.45
-23.5  0.60  0.62  0.84  0.91  0.65  0.31  0.08  0.18  0.21  0.27  0.44  0.44  0.46
-22.5  0.62  0.64  0.87  0.94  0.67  0.32  0.08  0.18  0.21  0.28  0.46  0.47  0.48
-21.5  0.64  0.67  0.90  0.97  0.68  0.33  0.09  0.18  0.21  0.29  0.47  0.49  0.49
-20.5  0.66  0.69  0.93  1.00  0.70  0.34  0.09  0.18  0.21  0.29  0.48  0.51  0.51
-19.5  0.68  0.72  0.96  1.04  0.72  0.36  0.09  0.18  0.21  0.29  0.49  0.52  0.52
-18.5  0.70  0.75  0.99  1.06  0.74  0.37  0.10  0.18  0.21  0.30  0.49  0.53  0.54
-17.5  0.73  0.78  1.02  1.09  0.76  0.39  0.11  0.18  0.20  0.29  0.49  0.55  0.55
-16.5  0.76  0.82  1.05  1.11  0.78  0.40  0.11  0.17  0.19  0.28  0.49  0.56  0.56
-15.5  0.79  0.85  1.08  1.13  0.79  0.40  0.11  0.16  0.17  0.27  0.49  0.58  0.57
-14.5  0.83  0.89  1.11  1.15  0.80  0.40  0.10  0.15  0.15  0.26  0.49  0.61  0.58
-13.5  0.87  0.93  1.15  1.16  0.81  0.39  0.08  0.13  0.13  0.24  0.48  0.63  0.58
-12.5  0.91  0.97  1.17  1.17  0.80  0.38  0.06  0.11  0.11  0.22  0.48  0.66  0.59
-11.5  0.94  0.99  1.18  1.16  0.78  0.36  0.05  0.09  0.10  0.21  0.48  0.68  0.59
-10.5  0.97  1.01  1.19  1.14  0.76  0.34  0.03  0.09  0.10  0.21  0.48  0.71  0.59
 -9.5  1.00  1.01  1.19  1.11  0.72  0.32  0.03  0.10  0.12  0.23  0.49  0.73  0.59
 -8.5  1.02  1.02  1.19  1.07  0.68  0.30  0.03  0.13  0.16  0.24  0.49  0.75  0.59
 -7.5  1.04  1.02  1.19  1.04  0.63  0.28  0.06  0.18  0.20  0.25  0.48  0.76  0.59
 -6.5  1.07  1.04  1.20  1.01  0.59  0.27  0.10  0.24  0.23  0.25  0.46  0.77  0.60
 -5.5  1.10  1.06  1.22  1.00  0.56  0.28  0.15  0.30  0.26  0.23  0.43  0.78  0.61
 -4.5  1.14  1.10  1.26  1.01  0.56  0.32  0.22  0.36  0.26  0.19  0.40  0.79  0.63
 -3.5  1.19  1.15  1.31  1.04  0.60  0.38  0.29  0.39  0.23  0.13  0.37  0.81  0.66
 -2.5  1.25  1.20  1.36  1.09  0.68  0.46  0.34  0.40  0.19  0.08  0.36  0.86  0.69
 -1.5  1.31  1.25  1.41  1.16  0.78  0.54  0.37  0.36  0.11  0.06  0.42  0.93  0.73
 -0.5  1.37  1.31  1.46  1.24  0.89  0.63  0.36  0.27  0.02  0.08  0.53  1.02  0.77
  0.5  1.43  1.36  1.51  1.32  1.00  0.72  0.34  0.16 -0.08  0.13  0.67  1.12  0.81
  1.5  1.48  1.42  1.56  1.39  1.10  0.78  0.30  0.04 -0.16  0.19  0.82  1.22  0.85
  2.5  1.55  1.48  1.61  1.44  1.15  0.79  0.25 -0.05 -0.22  0.25  0.96  1.32  0.88
  3.5  1.65  1.57  1.67  1.47  1.13  0.73  0.19 -0.11 -0.25  0.30  1.07  1.44  0.90
  4.5  1.78  1.67  1.74  1.51  1.10  0.63  0.11 -0.14 -0.25  0.33  1.14  1.56  0.93
  5.5  1.90  1.77  1.83  1.56  1.09  0.54  0.02 -0.17 -0.24  0.36  1.17  1.65  0.96
  6.5  1.95  1.82  1.89  1.62  1.11  0.49 -0.06 -0.21 -0.21  0.42  1.19  1.68  0.98
  7.5  1.95  1.81  1.90  1.66  1.15  0.51 -0.10 -0.23 -0.16  0.50  1.23  1.69  0.99
  8.5  1.93  1.76  1.88  1.66  1.19  0.58 -0.10 -0.26 -0.13  0.57  1.28  1.71  1.01
  9.5  1.91  1.72  1.84  1.63  1.22  0.68 -0.02 -0.24 -0.10  0.60  1.30  1.71  1.02
 10.5  1.88  1.68  1.81  1.61  1.22  0.77  0.11 -0.16 -0.06  0.61  1.26  1.66  1.03
 11.5  1.82  1.64  1.78  1.57  1.21  0.86  0.28 -0.02  0.00  0.61  1.21  1.60  1.05
 12.5  1.78  1.60  1.73  1.53  1.20  0.95  0.44  0.12  0.08  0.62  1.17  1.55  1.06
 13.5  1.75  1.56  1.70  1.49  1.19  1.02  0.57  0.26  0.18  0.63  1.12  1.51  1.08
 14.5  1.72  1.52  1.66  1.45  1.17  1.05  0.66  0.41  0.29  0.65  1.09  1.46  1.09
 15.5  1.68  1.47  1.61  1.41  1.15  1.05  0.73  0.54  0.41  0.69  1.07  1.42  1.10
 16.5  1.63  1.42  1.58  1.38  1.12  1.03  0.76  0.65  0.52  0.73  1.06  1.39  1.10
 17.5  1.59  1.38  1.56  1.36  1.10  1.01  0.78  0.73  0.60  0.76  1.05  1.36  1.11
 18.5  1.57  1.36  1.55  1.35  1.07  0.98  0.80  0.81  0.68  0.78  1.05  1.34  1.11
 19.5  1.55  1.34  1.54  1.34  1.04  0.95  0.80  0.86  0.74  0.81  1.06  1.33  1.11
 20.5  1.53  1.32  1.53  1.33  1.03  0.92  0.80  0.90  0.79  0.85  1.10  1.34  1.12
 21.5  1.51  1.30  1.52  1.33  1.02  0.91  0.80  0.92  0.82  0.87  1.12  1.35  1.12
 22.5  1.49  1.29  1.52  1.34  1.02  0.90  0.80  0.94  0.83  0.90  1.13  1.34  1.12
 23.5  1.47  1.28  1.52  1.34  1.02  0.89  0.79  0.95  0.85  0.92  1.15  1.34  1.12
 24.5  1.45  1.26  1.51  1.34  1.01  0.87  0.76  0.94  0.86  0.95  1.16  1.33  1.12
 25.5  1.42  1.25  1.50  1.34  1.00  0.86  0.74  0.92  0.87  0.97  1.17  1.33  1.11
 26.5  1.39  1.23  1.49  1.33  0.99  0.85  0.71  0.91  0.89  0.99  1.18  1.32  1.11
 27.5  1.36  1.21  1.48  1.32  0.98  0.83  0.68  0.89  0.91  1.02  1.19  1.31  1.10
 28.5  1.33  1.19  1.46  1.31  0.98  0.82  0.65  0.87  0.92  1.04  1.20  1.30  1.09
 29.5  1.30  1.17  1.44  1.30  0.98  0.82  0.63  0.86  0.93  1.05  1.20  1.29  1.08
 30.5  1.27  1.15  1.42  1.29  0.99  0.83  0.62  0.85  0.93  1.06  1.19  1.27  1.07
 31.5  1.24  1.13  1.41  1.28  0.99  0.83  0.61  0.85  0.95  1.07  1.18  1.26  1.07
 32.5  1.22  1.11  1.39  1.27  0.99  0.84  0.61  0.84  0.96  1.07  1.17  1.24  1.06
 33.5  1.20  1.09  1.37  1.26  0.98  0.83  0.60  0.83  0.96  1.07  1.15  1.22  1.05
 34.5  1.16  1.07  1.35  1.25  0.98  0.83  0.58  0.81  0.95  1.06  1.13  1.19  1.03
 35.5  1.13  1.05  1.33  1.25  0.97  0.81  0.57  0.80  0.94  1.05  1.10  1.14  1.01
 36.5  1.09  1.03  1.31  1.24  0.95  0.79  0.54  0.78  0.93  1.03  1.07  1.10  0.99
 37.5  1.05  0.99  1.29  1.21  0.92  0.75  0.51  0.76  0.92  1.00  1.03  1.07  0.96
 38.5  1.05  0.99  1.27  1.18  0.87  0.68  0.46  0.72  0.87  0.96  0.99  1.05  0.92
 39.5  1.04  0.98  1.24  1.15  0.82  0.60  0.38  0.65  0.82  0.94  0.97  1.03  0.88
 40.5  1.04  0.97  1.21  1.10  0.74  0.50  0.29  0.57  0.77  0.92  0.97  1.03  0.84
 41.5  1.07  0.98  1.19  1.06  0.68  0.40  0.19  0.48  0.70  0.88  0.96  1.05  0.80
 42.5  1.09  0.99  1.18  1.03  0.63  0.32  0.11  0.41  0.64  0.85  0.97  1.07  0.77
 43.5  1.12  1.01  1.17  0.99  0.58  0.26  0.05  0.35  0.59  0.83  0.97  1.10  0.75
 44.5  1.14  1.00  1.15  0.97  0.54  0.22  0.02  0.31  0.56  0.81  0.98  1.13  0.74
 45.5  1.13  0.98  1.14  0.96  0.53  0.19 -0.01  0.30  0.55  0.81  0.98  1.14  0.73
 46.5  1.12  0.97  1.12  0.95  0.53  0.18 -0.02  0.29  0.54  0.80  0.99  1.15  0.72
 47.5  1.10  0.95  1.10  0.93  0.52  0.17 -0.02  0.28  0.53  0.80  0.99  1.14  0.71
 48.5  1.07  0.93  1.08  0.91  0.51  0.16 -0.03  0.28  0.53  0.80  0.98  1.13  0.70
 49.5  1.04  0.92  1.07  0.91  0.51  0.15 -0.04  0.27  0.52  0.79  0.97  1.11  0.68
 50.5  1.02  0.90  1.04  0.89  0.50  0.14 -0.05  0.25  0.51  0.78  0.96  1.10  0.67
 51.5  1.00  0.89  1.02  0.87  0.50  0.13 -0.07  0.24  0.49  0.76  0.94  1.08  0.66
 52.5  0.98  0.87  1.00  0.85  0.48  0.12 -0.07  0.23  0.47  0.75  0.92  1.08  0.64
 53.5  0.97  0.86  0.97  0.82  0.46  0.11 -0.08  0.22  0.46  0.73  0.91  1.07  0.63
 54.5  0.95  0.85  0.95  0.80  0.45  0.10 -0.09  0.21  0.45  0.72  0.90  1.06  0.61
 55.5  0.94  0.84  0.92  0.77  0.44  0.09 -0.10  0.20  0.44  0.71  0.88  1.04  0.60
 56.5  0.92  0.84  0.91  0.75  0.42  0.07 -0.12  0.18  0.43  0.70  0.86  1.03  0.58
 57.5  0.89  0.82  0.88  0.73  0.40  0.05 -0.14  0.17  0.42  0.69  0.84  1.00  0.56
 58.5  0.86  0.80  0.85  0.69  0.38  0.03 -0.15  0.15  0.41  0.67  0.81  0.96  0.54
 59.5  0.83  0.78  0.82  0.67  0.36  0.01 -0.18  0.13  0.40  0.65  0.78  0.92  0.51
 60.5  0.80  0.76  0.79  0.64  0.33 -0.03 -0.21  0.10  0.38  0.64  0.75  0.89  0.49
 61.5  0.77  0.74  0.76  0.62  0.31 -0.05 -0.24  0.07  0.35  0.61  0.71  0.86  0.46
 62.5  0.75  0.72  0.74  0.60  0.28 -0.08 -0.27  0.04  0.33  0.59  0.68  0.83  0.43
 63.5  0.74  0.72  0.73  0.57  0.25 -0.12 -0.30  0.02  0.31  0.56  0.64  0.80  0.41
 64.5  0.73  0.71  0.70  0.54  0.21 -0.16 -0.34 -0.01  0.29  0.54  0.63  0.79  0.39
